296
31
17
16
15
21
586
528
26
654
633
602
585
525
632
527
560
544
653
543
601
565
559
24
526
564
584
631
627
607
542
606
524
648
538
662
628
674
600
558
518
649
539
563
591
569
611
570
612
605
626
622
666
671
668
673
665
670
667
672
664
669
35
537
647
580
590
548
517
642
652
623
643
644
522
19
521
32
549
581
663
610
568
589
523
448
579
520
46
332
621
516
547
661
660
658
340
297
427
235
88
328
338
324
406
341
490
321
364
172
327
330
174
342
55
456
195
207
232
177
399
379
244
160
424
310
457
62
370
50
61
253
306
127
219
190
222
463
466
211
458
453
437
397
52
392
41
22
408
239
117
114
98
63
49
180
97
426
391
428
312
64
189
252
443
43
468
429
100
132
200
445
176
345
401
218
414
234
138
418
90
243
416
450
231
54
134
459
352
452
465
216
389
197
226
444
495
66
101
121
386
236
500
464
432
355
435
421
492
384
507
184
402
247
205
373
58
237
442
299
366
196
104
508
175
60
305
267
266
45
300
106
96
462
245
361
125
506
498
503
269
268
433
409
403
77
410
51
467
314
129
89
204
256
303
309
76
157
447
11
249
315
441
394
57
301
360
238
81
461
228
422
105
186
596
2
251
317
257
192
387
199
240
460
210
554
388
617
311
405
423
375
313
509
12
510
270
147
351
381
70
113
103
259
10
502
430
420
454
639
308
95
183
258
369
436
512
382
208
359
75
504
571
494
657
128
594
575
365
99
171
574
659
613
372
304
248
489
472
431
531
78
592
481
242
246
102
499
513
656
496
163
552
108
126
188
534
111
298
449
636
550
380
530
169
497
396
92
44
91
505
74
438
255
573
56
185
615
165
471
595
378
53
225
213
152
86
133
217
638
532
634
486
142
260
167
618
146
93
107
533
455
483
476
42
84
635
148
73
473
614
439
79
155
80
168
553
83
82
39
434
491
149
374
110
368
4
446
158
487
407
71
354
637
376
241
220
215
162
209
572
350
150
480
307
116
475
166
123
493
511
400
501
576
85
616
371
413
292
411
59
417
551
170
3
377
262
264
555
597
291
529
263
451
363
383
254
293
94
164
179
261
655
161
294
265
153
347
221
470
156
206
357
295
339
154
593
474
173
5
198
145
122
112
344
47
144
87
151
425
353
68
281
282
284
477
316
137
8
187
191
277
283
276
279
287
289
118
159
278
286
485
288
6
285
233
131
302
319
124
280
290
178
325
415
274
7
72
419
65
275
194
141
120
273
675
440
69
367
115
272
271
67
393
230
119
346
143
412
136
1
18
40
135
331
250
362
398
182
358
48
482
336
140
349
356
335
348
139
227
479
478
488
9
13
390
320
343
229
109
395
201
181
212
334
36
333
224
130
0
404
203
484
326
323
322
202
385
337
223
329
318
193
214
641
469
582
629
519
598
640
515
556
514
540
604
587
583
557
541
603
588
561
599
578
630
620
562
619
624
546
650
577
545
38
535
645
608
566
625
651
536
646
567
609
28
23
37
25
14
27
33
20
34
30
29
