16
31
25
17
23
26
20
19
15
14
32
38
35
33
37
21
24
18
22
34
536
646
588
515
562
535
645
587
603
514
561
577
545
604
624
625
608
566
640
619
567
609
519
546
578
214
469
193
641
540
620
322
630
598
556
329
385
224
323
599
629
223
203
172
202
484
650
212
404
488
337
478
400
479
393
321
334
109
331
557
208
233
9
335
119
219
675
190
275
333
180
10
211
140
274
273
128
187
336
272
194
271
325
394
182
191
118
220
181
477
474
395
466
456
278
279
288
289
280
290
287
463
277
483
285
286
284
283
276
282
114
281
379
8
467
403
487
124
1
216
555
597
534
138
227
149
593
5
351
170
574
383
462
437
453
449
482
475
270
159
637
616
470
268
511
269
416
316
161
266
458
267
529
551
573
476
576
56
471
634
209
356
139
116
480
489
655
503
244
615
110
485
473
122
141
659
260
617
254
204
179
486
236
156
265
446
240
256
554
291
396
438
246
228
293
295
243
294
225
257
221
44
261
264
263
386
41
162
43
262
112
292
425
498
201
350
532
638
258
7
107
426
259
207
481
222
57
417
354
348
158
123
255
242
154
245
100
65
530
183
239
120
497
192
129
247
70
200
424
384
375
509
252
175
253
111
164
248
171
301
251
596
249
508
117
434
99
368
210
78
165
495
113
614
72
367
169
121
552
512
594
237
64
459
300
507
513
369
108
504
74
592
374
101
454
177
81
572
447
414
464
229
86
163
96
168
160
363
407
79
11
51
372
174
218
317
3
377
184
213
308
413
510
238
102
636
450
310
91
502
126
371
75
493
571
347
432
505
382
217
531
399
443
491
226
250
441
392
472
418
40
361
657
125
346
302
95
73
656
106
411
352
423
461
501
506
167
241
357
381
173
234
575
355
155
80
189
54
93
376
639
440
494
613
188
500
185
431
595
84
82
304
231
85
68
131
133
176
13
635
550
50
186
430
442
152
452
137
87
105
410
359
389
436
83
66
553
104
345
402
444
618
445
298
362
435
533
422
465
405
311
360
380
439
92
94
420
69
428
313
309
53
314
115
460
60
157
388
373
39
103
378
63
153
49
319
412
419
397
90
89
468
305
71
198
366
365
145
409
148
299
178
62
134
496
303
349
312
52
132
45
387
58
47
135
196
147
76
401
59
499
457
61
48
358
315
492
2
127
421
324
370
42
143
6
391
195
433
77
306
97
215
144
230
408
235
146
55
429
206
150
142
197
415
12
390
199
353
451
332
448
232
136
398
320
541
455
166
0
307
98
4
344
342
326
205
36
330
339
364
328
151
327
490
341
318
651
340
67
338
427
343
406
520
661
88
46
660
130
516
297
547
589
623
579
658
582
523
621
521
644
642
643
522
626
549
563
548
663
622
581
537
647
580
612
570
568
610
605
517
569
611
607
667
672
564
671
666
591
668
673
664
669
590
665
670
565
518
606
649
539
538
648
674
583
627
662
524
628
600
542
652
558
631
584
526
601
543
525
559
527
632
602
560
653
544
585
633
528
654
586
296
28
27
30
29
