296
29
30
27
28
34
528
586
527
654
585
24
633
662
602
653
526
632
560
601
544
674
518
559
543
591
627
667
672
666
671
668
673
665
670
664
669
584
565
628
631
649
539
564
569
611
570
612
590
525
542
600
558
652
606
538
648
517
607
548
580
626
22
549
643
568
610
581
622
563
605
663
524
623
642
547
579
644
660
522
647
537
621
88
661
521
589
523
341
67
520
36
364
297
658
516
427
406
339
235
490
342
338
328
327
330
324
92
151
98
103
97
197
71
336
344
205
389
4
410
244
96
401
176
452
102
388
91
218
368
48
421
104
431
402
231
301
100
89
373
106
411
365
196
306
105
134
3
82
94
347
435
409
70
126
234
68
399
76
397
217
455
113
430
240
73
228
380
386
99
312
93
372
189
39
432
313
307
125
209
309
50
494
175
498
500
420
250
83
129
314
305
441
239
381
442
416
506
210
464
77
186
81
188
443
418
436
232
346
101
367
79
108
493
495
382
405
90
84
445
378
87
80
376
166
121
465
374
302
155
415
207
226
133
59
451
85
315
377
300
247
531
150
510
303
45
142
177
95
317
249
117
437
444
184
422
504
311
204
575
370
426
192
434
74
123
144
507
496
213
230
513
424
499
2
371
72
154
657
252
413
243
165
238
304
69
147
253
550
60
639
438
78
369
75
355
110
439
468
168
396
298
379
49
251
428
259
366
375
447
171
40
167
638
532
248
258
12
120
236
492
241
299
462
497
127
112
183
257
53
457
163
417
267
56
137
440
460
554
268
260
255
384
292
269
310
501
245
635
618
459
592
256
266
414
293
270
596
613
503
491
595
294
291
594
57
42
571
419
242
614
433
461
423
530
553
295
107
357
246
225
51
160
308
509
533
408
11
656
157
162
572
195
152
363
636
354
446
5
502
58
505
391
390
141
359
489
481
360
61
156
116
480
392
221
573
13
135
43
153
512
132
206
65
486
476
55
617
472
353
52
169
425
473
164
216
170
86
615
161
345
352
47
158
634
552
485
616
361
407
264
200
262
254
429
350
261
263
551
159
265
111
349
655
453
237
222
483
62
508
659
179
335
115
7
463
143
325
574
208
383
54
576
474
148
114
597
555
511
316
534
44
63
340
529
146
467
593
412
64
66
332
456
180
487
149
174
41
351
124
122
398
637
128
199
475
470
471
348
403
286
319
287
450
387
289
288
276
281
190
290
282
277
283
279
284
278
191
145
280
449
46
285
477
215
675
395
6
136
466
185
219
229
187
233
173
458
8
448
394
482
358
454
131
138
178
362
181
356
109
119
331
271
273
272
479
274
182
393
275
321
333
194
198
201
10
9
227
1
139
118
211
326
478
488
212
484
220
318
404
320
172
337
140
334
400
0
343
203
224
223
329
385
202
130
322
323
641
469
214
193
33
604
620
18
578
546
541
519
640
557
625
562
599
540
629
609
567
556
582
619
603
630
624
577
598
545
561
583
566
608
536
646
651
650
535
645
514
587
515
588
21
37
35
32
38
14
15
19
20
26
17
23
31
25
16
