25
16
31
23
20
17
15
19
28
26
32
33
14
37
21
18
36
24
22
38
646
536
625
609
567
562
651
535
645
588
546
545
566
608
599
577
624
561
578
619
650
630
515
603
620
35
640
598
604
587
541
557
540
556
514
519
629
641
583
582
214
0
193
322
203
320
223
130
224
469
343
323
212
9
140
215
478
484
303
1
202
326
194
13
329
184
119
359
10
390
333
219
8
393
318
233
220
208
227
122
43
319
41
302
479
48
348
131
452
482
273
272
477
191
488
275
412
414
274
271
139
250
217
310
89
136
475
94
461
280
403
6
404
439
285
141
278
279
351
283
284
358
288
290
470
316
337
471
289
282
277
287
148
503
505
349
149
440
251
236
423
394
466
487
115
286
120
637
281
143
457
106
77
276
124
118
298
335
80
361
363
213
407
419
72
5
386
659
59
357
85
655
593
66
216
178
182
190
463
3
467
448
159
458
616
425
417
346
44
424
496
367
180
449
551
65
354
464
529
243
356
334
613
534
465
293
163
265
365
252
211
571
453
350
511
261
553
154
294
200
512
574
481
241
595
146
491
292
135
164
162
262
2
170
576
377
7
264
552
176
370
573
263
533
86
225
455
473
133
454
138
554
636
460
248
295
634
137
618
291
11
107
254
555
597
360
596
474
493
111
345
169
615
110
112
142
175
485
53
61
476
126
506
434
39
411
530
592
369
480
68
396
614
255
207
247
384
244
300
181
438
185
156
656
332
572
413
387
308
532
638
71
635
513
157
575
371
531
550
317
76
450
380
418
161
179
594
192
510
268
210
617
78
378
74
99
309
165
270
375
405
128
168
57
95
246
226
171
228
435
492
301
431
376
81
84
416
209
267
49
498
639
204
459
45
497
508
64
657
269
502
240
379
266
121
311
40
237
79
304
144
186
242
258
183
381
4
155
70
443
355
158
420
249
260
42
338
347
123
368
173
150
47
132
430
445
257
205
60
113
426
395
307
402
167
399
83
259
504
675
134
51
366
108
58
63
50
102
444
256
166
152
91
52
174
101
499
315
253
352
495
69
494
314
372
117
160
500
409
299
116
489
441
129
105
392
153
483
96
73
383
374
442
90
87
221
100
188
446
429
145
436
54
397
312
433
437
82
362
456
56
509
98
231
125
422
195
196
127
62
373
12
189
218
75
472
428
92
238
507
410
239
93
313
245
447
199
468
104
421
234
103
432
388
97
232
306
391
201
462
55
382
336
401
230
501
486
197
408
187
451
389
305
147
415
297
321
198
324
400
222
177
172
344
327
206
339
235
340
353
325
109
342
151
114
330
46
67
398
406
229
331
328
364
341
385
490
427
88
523
658
660
661
516
521
520
644
589
522
663
621
642
563
537
647
643
547
605
600
607
579
667
672
623
664
669
666
671
549
581
668
673
665
670
622
568
610
558
626
542
674
652
564
606
548
580
565
662
517
631
584
601
590
524
648
538
539
649
543
611
569
559
628
627
602
544
570
612
560
526
518
591
632
653
585
525
633
527
654
586
528
34
296
27
30
29
