234
1160
639
239
363
655
1088
683
381
808
1189
471
384
871
77
329
237
883
715
113
232
523
1006
1077
619
303
297
236
855
281
370
1055
1145
277
399
1095
1251
797
25
279
604
1209
653
1194
822
701
1041
137
442
85
876
1107
153
557
1072
52
801
462
600
244
799
589
157
1110
317
706
1262
692
899
1207
686
984
500
553
571
1192
659
811
1108
413
412
59
1247
819
1094
1181
124
732
901
1171
784
742
288
53
194
1146
823
355
905
1149
649
776
92
605
762
1117
4
565
136
939
809
419
1120
918
944
971
1061
1134
839
746
728
1085
435
536
928
767
527
179
354
292
1155
1067
886
760
958
667
448
86
36
220
1276
665
409
403
336
418
299
952
1198
788
414
425
37
512
258
63
587
261
360
347
537
30
348
